100
4.17
77.49
43.3
84.34
80.54
94.9
24.79
59.63
29.13
8.86
84.02
23.42
82.42
95.84
89.44
3.75
50.07
68.52
95.85
9.91
12.78
50.71
30.91
63.16
16.29
25.25
61.0
27.67
30.72
30.33
0.19
21.98
68.99
38.19
17.08
86.84
9.0
87.14
6.87
29.16
56.43
45.38
49.09
60.39
67.11
25.42
42.22
13.11
70.68
45.0
68.07
95.98
97.0
36.23
92.37
2.91
97.09
14.08
56.85
33.75
60.69
18.55
20.24
62.97
20.59
67.5
96.5
0.93
22.29
14.54
27.19
1.22
78.12
35.97
99.81
60.77
21.21
25.68
23.01
87.48
87.46
67.0
93.21
19.0
30.12
54.56
48.99
56.18
55.09
49.49
81.84
26.2
24.5
16.1
93.31
100.0
35.65
79.77
78.08
15.97
27.38
