30000
10000
3918
18849
6383
740
17028
14765
9995
11826
7715
2606
19502
18847
4170
2831
17831
11986
14773
5134
3357
3493
2212
18777
13145
8571
3020
811
14373
7868
16587
15334
12645
15666
17151
8724
8590
11191
5293
18868
19060
18113
12686
11847
19852
14825
12326
14759
18876
14219
14123
3230
139
910
18870
14684
3926
19624
14807
5386
17914
247
6713
4482
9613
3906
6053
12427
11566
15073
4459
16090
3386
16642
19756
8703
14102
16966
3045
13536
1221
4415
16138
8124
4363
12415
17730
17016
13594
1658
16162
9522
16603
12319
12151
1941
4058
4344
19901
16078
4386
16293
1349
5785
2894
3922
7888
8214
678
1453
18626
15964
11244
6059
14271
19478
4448
10252
12267
18139
19736
5253
5475
2709
13735
8348
6040
18628
8882
6220
2209
6519
17617
10911
11932
19794
16993
18596
12484
10073
794
4519
17283
15419
59
3609
11299
6635
2099
14793
4155
6711
15270
17700
18988
13100
7042
3914
12610
8093
15339
8480
9385
19461
3450
12947
424
9163
3688
15096
1075
6390
7807
503
15139
17063
17094
11390
13519
9670
163
12147
12013
10923
4542
15760
8498
12613
3623
3166
1114
8945
13156
9204
6623
4843
8854
16598
15322
2519
134
4845
4570
13370
18991
10703
16705
15018
5848
9059
4783
13754
5933
7166
3241
6221
5720
10236
5296
12915
10140
5653
3418
11465
8364
6185
881
3806
3663
979
7199
9631
2551
4967
10351
15053
2783
826
16016
4109
16104
1853
17933
3451
9122
14224
12977
85
9135
5319
9023
19070
3544
16992
8682
2589
1499
13035
2613
15749
2882
7774
9583
17892
2170
7383
13678
18409
949
14106
17157
9384
13840
5664
8967
13366
16184
11368
6123
4772
11678
9050
10901
13019
18940
18935
19122
1971
960
18877
14020
14841
6895
18922
17154
17556
14222
8470
8485
14601
5521
12762
9610
18347
8624
8874
13815
12005
7338
6163
12823
4094
15787
2297
18422
8021
1723
6423
1845
10279
929
15613
14517
15804
6755
3348
4296
14598
4269
10891
2742
4984
3792
19671
4525
8250
6881
19175
3625
18535
16214
4469
19603
13779
6431
14509
1255
15326
15739
7626
5991
10987
9160
17079
3957
11727
13238
13377
12926
19340
342
13587
9968
12432
17397
13289
11723
6047
19645
3869
1852
304
3697
8900
14868
2558
2716
19079
6671
9494
13231
6806
14914
19681
3159
3567
1552
19599
6966
13698
2672
3537
13741
1998
3677
6118
7604
10970
9480
9930
15469
9131
35
2749
9943
14238
4802
6478
5090
1912
1608
7916
16404
14475
5244
16835
15779
6153
19453
12280
13656
2377
14974
6902
9754
10888
14778
10793
1704
9026
6107
12532
9137
4171
18430
13499
11789
15218
17247
11041
18816
13820
11338
15551
8818
5368
17413
331
13089
7513
14270
11993
13487
13450
4156
1089
4085
13123
12640
14286
4855
16263
5192
255
8647
9016
4734
13431
16812
6942
9165
15763
2108
7779
2856
3326
9318
16255
6807
16882
19817
14837
7006
18121
3338
12229
7646
3468
3652
9362
5616
9815
3490
12522
16179
5096
5182
6345
17715
15177
15595
15842
49
18586
8084
2574
848
13764
2702
3595
13496
16950
6911
15051
8465
18755
17190
19973
2274
1707
5373
285
875
4974
15991
5039
7940
1933
15075
16385
19878
750
13592
6724
13081
9723
10927
1575
19665
16339
16225
6149
10019
9730
4510
8537
5735
10546
6725
6931
5890
4284
4836
12252
9464
5776
17341
6948
12782
11023
7936
2465
4105
9883
16758
2012
19171
7146
3744
9593
14595
9444
18735
2991
13550
7965
2652
7578
13959
9168
7129
2051
1559
18209
14969
2808
15889
9277
13284
15340
19899
11570
8043
9281
1436
11788
6576
19547
13780
1817
13356
7528
16498
2600
9223
2892
7889
17910
13327
8500
18944
16614
9374
1060
9022
13153
1141
5375
8587
12463
19096
17403
9296
8873
3650
10033
16838
16864
14305
2762
3931
11006
15211
15635
14530
18672
9839
18536
11258
4099
11328
15807
934
19343
15087
17731
7391
18373
11578
13961
6529
17520
1124
18562
1450
6664
16811
9801
4067
2155
13138
3177
1875
3209
458
18131
11718
15450
12143
17143
15985
1351
13494
3480
6634
17560
14638
3761
7886
5621
7190
9761
771
11414
19809
17130
1370
1337
5356
3856
12301
13949
18319
5125
5618
13952
3171
973
3971
6191
12957
138
12652
2131
5651
3146
6744
19773
2385
8602
10367
17767
7479
17276
9369
17107
7000
17075
13285
16619
7363
81
18826
15035
8752
1651
14103
10454
5728
3578
9832
7120
114
4913
2774
471
16514
17046
7653
8390
17030
6235
7900
10693
2679
4719
12597
16123
12058
16299
8714
10755
2563
16356
204
1633
10343
18180
14337
17729
8236
15079
243
7277
2459
14378
17728
10849
1129
5263
6732
9652
16328
3402
12788
11484
718
10357
4215
11552
10737
9053
589
5985
7509
115
11109
19942
11254
16887
1092
13472
9243
13879
9671
19555
8400
18414
1030
143
7767
19199
9624
2778
13989
6093
12139
3836
6060
17427
6833
11706
13675
12822
8523
11962
14021
18555
7463
7587
10090
5643
484
12553
10205
11685
5999
14489
19946
199
11081
14162
7969
7654
7318
68
17922
8686
17704
17972
13547
2908
3354
9911
4360
8819
1870
19293
17874
4791
14767
152
12529
1903
9366
9472
124
11610
18137
17410
956
3221
2717
7554
6715
17977
10528
9035
2611
8183
15186
13502
15578
7746
12328
7020
6387
16456
1569
18260
14411
9177
5175
17751
6335
17683
2452
3331
15919
7842
12163
7563
18560
2594
14053
13669
428
7027
13980
11050
11361
8297
4949
18999
10222
2471
2203
8167
17710
4930
442
6457
16405
18990
8618
9308
17980
13091
7625
14029
13934
18725
18083
1916
7402
12303
16399
19678
9674
15105
8645
16581
19345
16607
17939
11172
14639
6227
1670
7196
5487
13811
1905
9110
18768
8974
17663
19114
4139
5666
18330
9482
10446
16622
4982
15633
13217
2220
7171
5282
1249
396
8487
3925
19726
10935
15122
7878
4572
13639
14289
9479
5630
19382
18301
17801
11517
3153
15540
18955
3793
10064
12357
18855
19034
18454
16731
15788
8611
7308
3101
18881
1162
9096
2501
3149
19377
9071
13216
6611
9196
5054
7527
8820
19907
3007
14546
15124
19509
1425
17534
19587
9433
4863
9511
7365
6972
17424
16010
19995
3901
14556
7467
16134
2089
14718
17714
7759
95
13580
16002
14358
17177
9292
10240
11265
3680
4304
3702
4204
4910
14247
18
13966
6704
17180
12546
5298
17061
5291
3142
14687
15636
10636
13673
3613
7570
10537
9539
813
2450
9162
19362
6848
1714
183
15711
18958
2953
13278
12631
16482
12790
3951
7988
10009
12692
3481
19795
19389
8951
9949
3491
876
6992
5446
932
9923
19396
2387
12913
12918
8285
14304
18293
14254
5691
6092
14692
13616
2306
10586
17992
3799
74
10757
8191
13158
19521
4229
9408
16182
8424
5524
3592
18533
13532
4449
16159
12590
17253
7919
12859
10563
9141
13441
1928
7700
15819
18848
12095
6037
17255
12361
3219
4745
1535
17994
19563
14220
2550
11908
1501
19935
16147
9622
2671
6610
13283
19517
10138
9326
16044
5403
18271
7008
17640
10564
5803
2791
7439
9748
803
1914
7330
19457
2316
14780
6349
220
15142
3715
8535
16367
1929
17043
4136
17373
15610
13797
2287
8909
14480
14445
5563
7672
9145
8226
18016
7028
8808
3215
9427
1307
1847
2070
17105
10576
15251
10413
8717
10181
18013
768
2486
8123
17396
13437
2813
15778
17592
10298
5233
8020
12846
14627
11475
13394
14766
8240
10115
16660
5343
15355
5441
3519
6852
6406
1418
17
17996
2049
10052
19288
19152
1860
16391
9795
3716
2517
2411
14436
17604
10096
9321
3563
12161
3147
13951
4646
4873
13445
6583
14906
11362
8538
10692
1896
18391
9912
19274
6903
15274
679
10434
9871
6219
7011
18501
16463
2097
18052
14174
12577
517
18269
12699
18440
13001
18126
18976
15236
6812
9972
15272
3597
7073
16298
17607
13792
19657
19690
1120
2356
9564
10583
286
9615
5251
12349
15977
18127
1209
11186
101
4071
5620
8699
1437
9102
19438
10047
19618
6856
2569
13402
16446
8877
12170
11121
14314
15201
2584
1590
4653
3470
19192
287
1983
2933
9207
15962
6791
690
1620
19837
7934
6879
12514
11064
6625
10001
17214
490
17044
19920
4660
446
1820
13086
2560
8179
11492
2462
4317
6166
12879
824
6813
1273
1783
14369
11159
3910
11784
8030
34
3299
3641
18210
19334
15941
19631
11245
7110
15423
5499
11425
8770
1218
8987
9097
10558
15221
5752
5271
13117
9651
18942
13715
4504
10086
15854
6339
3636
1529
3036
12288
2764
8437
7975
9274
7533
4
19897
16065
10123
14082
19209
11916
15560
18666
10361
18322
12086
8677
11620
12461
19781
5363
17667
7775
13049
12589
4694
18364
8333
9074
16875
6894
2643
10834
10415
15173
8674
6012
7152
4387
3012
14216
16154
10402
19188
15259
18061
6969
4837
19252
18097
18738
19831
8251
1424
4185
8317
11665
4645
17183
4496
748
10384
19170
9273
166
518
18129
2913
10961
8061
16307
17024
19068
666
6291
107
16049
2294
10491
15634
17884
3956
8884
7507
7009
15587
11269
15085
19265
16250
11241
10179
16718
4255
374
1773
17300
19999
8514
12853
1489
12793
12664
8841
6823
9121
9662
14584
11754
8979
14968
759
874
19511
1449
14853
9885
3137
8456
14031
14173
17408
7508
19375
676
10768
172
13017
635
9418
11080
12733
1717
4143
7052
6802
10203
2529
2792
4922
6708
14397
10655
18320
5977
14566
6764
12064
17850
3995
12314
12452
18303
4492
9694
8266
8277
7181
15145
11982
19139
1101
3624
11090
12627
7980
2562
2372
12380
10168
11061
18853
2464
15657
19137
13373
2110
2076
3399
940
8619
12111
19839
19644
10114
19806
8098
2083
16866
11406
6062
2348
12925
7597
15223
5088
9705
2868
3454
7024
15192
19097
17648
7443
16349
6447
5887
16176
18152
2214
1467
10788
12162
10567
2871
16846
3203
10855
4253
13921
1130
19206
5328
7091
16690
13638
734
10258
18593
168
3268
13562
5318
5422
17739
12069
2066
14332
6363
9224
8034
13399
6460
17166
10886
17280
832
174
7178
14579
9060
8502
12185
12074
181
15288
16791
12101
1627
17073
365
8754
19376
12543
3129
7380
9709
5723
17551
9332
13433
3273
14839
14529
19676
19556
15115
4028
17566
17100
19140
1762
17819
2946
17317
6018
11298
16107
5509
11370
4037
2713
2063
11307
11122
18490
11034
9633
9402
11173
8543
14588
12794
3954
10616
11951
16471
4433
11984
5764
15037
11679
17173
19420
1090
17496
4051
1897
3629
13539
12001
18315
12384
8162
9833
12660
12419
1776
17624
19798
3695
13620
3675
30
11837
9169
15954
18703
31
16396
4678
17435
7922
7720
5201
5278
6935
12289
11957
12015
7282
5761
2112
5558
17033
12683
14140
2916
15502
15324
72
19582
4371
10178
15817
15106
1950
5788
10753
10613
11527
12076
8711
3760
13972
6588
19263
13447
17127
2228
4033
10442
17204
15254
6594
11204
14576
7567
6137
2897
19608
5409
892
2081
14717
10531
5538
3950
19346
15138
11174
7262
6814
1481
857
15670
8800
10545
18472
7968
6799
4530
13830
14815
15407
16158
13257
17388
18720
14927
19402
19307
3547
5564
7539
8807
370
17059
15266
16436
617
11002
19653
14319
12477
1647
7072
3639
18903
4007
8793
18451
13363
3334
3617
17110
16341
8997
5466
12797
18254
5459
13753
7897
4987
4513
11427
13409
8080
7660
6629
6771
2425
19489
10696
8039
5539
4735
15071
10214
13956
17237
2541
18390
16236
14096
7809
1939
8218
19369
13364
8225
9558
15576
6156
7295
12057
18578
3391
6488
19512
11656
4784
15736
8799
6851
18908
5137
55
9890
14532
19713
15597
16570
13212
15117
14368
649
10631
1752
9473
4897
11519
2631
1580
18408
15160
11958
6115
11069
2533
10949
7993
16321
4355
7686
9617
9965
6868
18927
16284
18645
11455
4410
201
2827
17484
13129
13867
2040
7186
19415
16486
3035
4081
5523
2191
346
10116
18778
3320
11164
5820
1982
10247
1591
5080
8719
5043
2654
12172
2495
3028
7334
5210
2644
16566
9879
6705
10811
5224
7285
9687
14541
17474
18093
6239
17964
12490
13653
17619
2393
1150
14425
12827
15078
15022
10680
140
17571
3439
18718
8757
998
15600
19574
9889
6444
17097
17644
9948
17986
15263
729
9017
13105
10124
2056
13790
623
13579
8145
10635
10739
6514
8320
13889
5069
8847
2515
4986
4157
4921
8620
11676
8278
10937
9504
10436
8708
18904
2424
7811
575
13667
3261
7848
12867
7014
712
12910
12323
451
17227
19925
3631
14077
5974
10931
15011
6430
5302
4400
2735
15638
2483
12310
18240
1765
616
3376
13392
7003
15479
19309
2246
3478
7103
2290
7880
17546
19937
18464
17186
15512
4520
12831
9254
4282
9241
8863
9314
17773
1756
11934
3295
2505
18220
1330
16323
937
4130
9422
17826
7610
2437
11562
10945
6777
8885
12325
16517
10747
10977
13338
9361
8041
19069
17244
7906
10993
16782
2649
17499
15803
14097
7553
13130
7535
3185
16442
3496
14440
8736
3407
1900
17393
5583
14693
18486
1894
16869
8376
10199
19893
9621
7511
4366
3839
12569
3556
10109
3098
6950
12941
10342
15974
2537
3385
13943
19805
3279
7640
17380
4790
8763
13454
7041
15391
14834
7794
16270
3644
17415
9485
16867
18600
10429
3518
9091
12607
7483
13027
14768
5496
18110
16018
17678
7387
16428
11885
1122
1271
15756
18104
6920
9190
14981
19161
2665
19178
12983
11687
17072
11596
16143
8870
3826
1247
12567
9771
7160
17945
1063
10957
18062
11817
18642
455
19350
1051
7909
3006
8211
5361
13255
9898
12995
19950
14322
15457
8622
6746
10272
4620
5225
9744
6426
9368
8065
19510
760
19136
681
18482
7328
3711
18797
295
2888
13865
2482
3234
8787
14821
3728
10104
5912
17888
259
2454
12385
11501
4685
5281
229
14507
9565
11375
1829
3130
1997
966
19637
1766
2962
7433
13151
19467
7631
7865
9085
11945
12922
13261
4292
16830
15530
7701
8217
4981
13041
4609
15910
19187
12392
13223
6518
2522
4585
742
9787
6787
1262
16504
8489
10034
4166
17957
13826
6987
12930
14352
7118
19912
1662
16903
7703
9489
11131
123
2711
18306
5553
0
4712
16527
18034
4489
16658
2427
13909
10082
12473
10301
8035
4725
13812
7845
4442
4804
16833
9311
10296
6665
1564
16124
2942
5650
12065
15394
13681
18162
787
2286
7225
9240
10974
11778
7531
1769
479
2931
14605
11466
8669
3115
8732
15373
19218
4635
11334
8132
840
3767
17433
15695
18295
8913
19716
6369
10605
5693
12335
7521
221
8008
12672
10960
12985
1078
18605
5266
7959
16131
6951
11335
18259
14300
11144
3126
17142
2544
4904
12137
11060
3992
19539
2009
4774
14742
1446
12100
15404
19940
9752
5918
3692
1196
14074
15409
12197
19757
19169
10371
10303
18910
18350
14592
10578
1110
18048
17158
16850
13566
18579
11726
7426
1676
15700
60
12345
18001
16418
801
17593
5017
585
17706
4747
6174
14940
10979
10611
17089
11234
1179
6095
18610
18660
1631
17284
19230
10893
11526
2430
5953
6112
14486
14344
18078
4805
7997
12956
18195
232
9813
8121
11830
8999
11401
1199
8996
13894
6425
6545
3435
17038
10318
4607
13365
12656
10331
2121
19212
9788
8135
4030
15982
16496
2731
18914
15228
7745
11396
1322
9570
17390
13181
12250
7914
7801
1064
16364
19680
7154
19100
17930
18134
15024
15868
2628
17080
9442
18601
3196
7818
14930
19394
6640
8856
6139
13448
2202
6205
6511
15994
6908
15574
2258
401
3696
11525
9857
12239
905
5730
17709
12078
14104
15434
4049
10731
9954
12751
5429
5562
8085
17213
10538
9478
5854
3244
4485
16595
13076
14558
1096
15826
2432
6826
3458
11649
12407
5751
18582
5921
6424
6706
8746
10681
16626
13982
3412
5440
1617
11939
18386
7573
18972
12808
10863
7352
14055
4858
18141
18488
11033
14461
18305
3051
2776
14065
1104
14919
9994
5252
2565
6829
9523
17239
7440
9925
6723
185
7232
3876
4823
7995
17275
6009
3303
16066
5758
16640
56
17425
16217
11548
15091
1479
7960
11395
12592
8057
16206
18168
18370
9541
12063
16440
3977
5056
6189
4165
16500
17053
10606
911
19823
766
13629
10006
12688
6025
15422
14236
5450
12402
3369
11709
14133
18688
14590
13194
8180
1907
18088
3803
11561
8067
15137
4251
1323
212
6847
13572
4561
12720
14724
16473
11785
10742
8298
6955
9828
16410
3627
194
14866
15165
573
6936
17959
13106
8557
13938
16262
5590
4353
11924
6310
16888
5350
16943
16942
10837
18449
12067
8134
14542
6249
12132
10486
10297
8405
9144
7319
18806
14996
16937
10569
4953
11921
17452
3898
2596
17098
19766
5832
1227
502
3526
11713
9250
11460
5871
11544
11074
11320
10438
191
7239
12474
15885
6036
16826
1476
11807
14881
10505
324
7905
6389
16973
16672
6861
5505
13993
11029
14895
5699
5942
17018
6990
5124
17473
571
1173
7758
12512
19825
2983
9668
10467
7581
8272
14623
13489
7445
7468
12254
4893
9820
6360
9648
7796
11844
926
7616
17770
17320
7222
5721
13248
2540
2082
19607
717
2866
15545
4816
14394
16926
14867
18734
1439
5503
18432
9819
9574
4479
8150
17548
12002
15281
7276
11422
7547
4812
12759
3011
14448
6779
19213
18886
14450
2272
18060
14608
8969
7235
10532
14602
1119
15848
15959
1537
10049
16034
1810
3455
13461
6603
10352
19597
4265
16497
13282
17475
11424
13471
6051
7078
7864
1953
14951
653
4612
3143
14636
14302
8336
12778
2
3983
11925
15357
18583
13717
18916
5131
1536
15546
9939
5911
18945
4877
19269
13146
2047
1036
9171
2463
9714
12650
12024
356
580
10335
7642
692
16502
11645
5748
5573
12997
9655
9000
13011
18634
11471
16070
13919
14221
8294
6250
6877
13902
17856
8459
10727
17961
5213
15156
9877
17689
969
761
16494
17012
417
19709
10325
17240
18425
4507
14080
6515
15537
4197
18077
9094
4546
5189
19460
17968
18066
2826
1034
6501
16132
13874
17598
5958
15030
19357
12951
19815
7076
18541
4390
8788
6893
6628
18427
19341
3699
574
5378
10775
6370
6203
1455
3182
5956
12917
9036
1043
17025
4233
3484
6255
11005
11351
19076
11072
6645
15219
7087
8554
11946
18484
14149
19880
8572
11113
2781
959
16499
8463
14260
7258
16483
19384
12336
16031
18028
19084
5015
14364
11095
12932
16469
10310
10340
13096
10714
11130
19091
9884
14427
2179
5544
18866
14771
9533
8592
14034
14157
13442
7931
2313
5894
6140
17772
3938
5174
11304
10016
5041
11915
3406
3572
8467
16957
12211
16558
7384
16083
17137
7798
13119
19473
11635
16984
14879
13882
19266
9584
16254
13684
11212
1599
696
15873
15777
4104
8526
7286
8479
15497
12072
19147
10745
12753
14464
19730
1885
12286
16089
2634
9266
6017
16100
14338
9506
16381
14241
705
103
5031
5710
12510
3775
6159
19048
11201
3541
14810
4285
12507
15129
13898
3243
18752
8263
14036
10939
15255
4559
1712
8059
622
4298
548
8759
7312
8648
16655
17797
7869
3409
10541
18840
13029
763
12216
18920
15838
1084
151
8204
16577
1002
12912
11577
16313
10235
12240
19932
15822
14503
3543
13301
5860
11711
7946
5255
13771
4829
19395
12769
17881
16925
16836
10777
5546
3611
4859
3619
19633
8939
3317
9309
17298
10283
16827
16886
8834
19038
13331
19844
14177
19763
98
14597
1602
14459
2658
11585
14856
3368
12654
12651
18380
19710
12855
9324
8248
17238
3127
9406
13626
3286
17542
5877
19344
9330
7465
15341
96
18460
13243
9451
16232
3538
1038
8197
8644
7296
3784
6676
13467
19441
6197
3430
13422
15174
15575
7329
15840
11877
18681
14562
12253
4102
15527
11556
668
3214
19869
11502
1883
1185
4973
16892
1072
8663
4238
3249
16027
15284
2844
18033
4506
13821
7738
11053
13988
9142
8062
16715
15066
14849
3637
2030
5561
15428
8205
19132
14827
16003
16030
18530
15237
12375
7819
12671
19359
18261
13728
18810
4396
17445
18615
19035
1625
4026
16013
13371
16378
6866
1706
1108
4722
8244
7435
9055
9783
13643
18896
8429
13699
8994
10964
7060
12916
5656
1045
18975
11297
6654
1760
8046
14349
1638
3575
1548
12374
2981
12515
5046
19594
5584
7926
6668
9407
7777
6975
17721
6922
17124
16795
9594
843
12576
5430
3197
5326
13344
6930
15675
6459
1594
18637
16513
17979
7068
19262
5063
14190
10991
14506
9108
770
14705
17990
16922
8189
19987
464
3285
13937
8195
11701
12967
7090
6963
390
2932
1289
373
12436
19975
5746
15098
18709
6615
9133
11469
7589
8404
8598
8696
2966
1937
15212
1520
14915
9934
4374
18224
6582
14900
10724
6385
13393
9746
5075
17585
4057
5654
12666
1935
5844
16858
17616
13256
18087
8139
12327
11451
14292
3044
15471
10810
8280
14973
14280
17621
7870
8700
15883
4254
1008
12492
1911
3128
13507
5767
14256
12704
17949
550
15215
18358
10722
9225
16086
6559
15108
19101
18328
10844
2902
2945
19729
10707
14816
12708
7821
14756
5265
16748
1857
12217
8928
17579
2719
15652
14663
13201
1694
10667
10378
14435
8561
17054
4595
9869
6375
1350
13758
4187
6267
4679
8399
14460
12665
983
2580
11547
990
430
18887
10824
9751
7548
328
10085
16465
477
14124
7460
6052
2720
333
19141
5122
4116
11352
1161
11800
13051
15185
14887
2207
18905
8113
1645
10956
17969
18439
4939
12792
8692
18939
10530
19772
15190
4022
4789
539
14538
6524
8413
4983
1710
14835
12551
17176
13531
5111
5817
17645
11178
18513
19822
14228
9528
1403
9956
5575
10111
7405
1657
14406
260
15792
15553
18383
9955
5437
10599
13796
5709
10942
4602
13277
19830
15861
16612
15728
19397
1913
6926
12282
13964
3344
592
17530
535
15691
17893
10018
5778
2263
8860
17824
9697
10036
9158
17106
12305
13745
8412
3919
12904
7102
2863
15984
9794
11310
18257
8024
4938
14018
14925
1632
8737
14263
4598
9037
19270
1661
15651
6078
2177
4961
10433
19891
16917
14580
1135
15797
14976
4261
8460
5040
1374
16865
16071
5118
5355
2556
14257
8868
18726
9229
5898
7358
12978
5218
19695
17236
7892
3096
18123
14527
15300
8614
2284
17020
3539
18208
7150
3816
15761
6246
93
7361
13324
19088
17586
3345
3674
11170
2345
2242
9021
19226
12193
14417
7401
3801
3495
7261
15086
3751
16613
17282
252
6864
349
4017
18966
17303
15855
11434
8175
9907
17925
18838
10183
6259
2821
16689
3770
9961
3341
2608
13900
12796
5287
11420
10549
11016
1557
17519
4274
17858
3903
8308
6073
19882
16535
12059
5828
18811
10498
8142
4428
12051
1136
19085
7259
2730
13814
2995
10840
13824
2045
16726
17391
18411
11902
10479
8155
3527
2963
2804
18941
17304
6251
3560
7656
1253
2971
7752
15309
10778
18729
9937
11083
17493
238
1653
11175
14152
14048
15963
10057
17732
1630
16459
3193
17049
2518
18595
557
8181
8169
15415
3782
10983
5191
18790
2590
5183
12634
3879
13851
4610
17651
14496
1700
12502
14931
4782
2379
8923
8846
18959
14885
528
14515
9334
3336
13380
19418
6988
3305
3866
2138
7347
15833
10981
6200
6014
6320
12849
6464
18252
6541
8026
10300
7162
6330
4003
17698
12478
18387
4605
6083
19286
15121
1121
5120
4087
11153
8805
16797
4036
3426
8395
14438
14204
6504
9392
6828
2488
14619
19240
10690
1646
654
2715
7218
16921
3447
10526
17169
7130
12362
16393
17795
8116
5556
1228
13193
1512
11474
12504
17009
12701
14757
16257
16238
13787
6382
10459
16292
16944
6553
1158
13564
3596
3256
14777
12486
18864
10928
14967
10339
20
14
15604
2185
6234
8411
6285
5176
10260
3862
18503
14829
11786
7360
16337
3328
15195
13691
14898
17069
9669
1276
16730
1680
17005
19228
3961
3001
1304
5132
9257
10926
11528
17524
17050
11893
18106
11591
361
18861
7326
12481
10419
13334
17087
10211
1538
1842
16724
10882
13241
2655
19544
9350
555
1882
13009
9230
17411
2695
5543
16416
16584
3779
17369
12737
2923
4936
17532
5136
1703
18214
12641
8388
17326
13174
1824
758
12498
10129
13871
1669
14949
14033
11534
18521
14896
5756
2553
11553
17871
3379
10270
13856
4746
14813
14822
18537
1066
5089
17541
11947
2404
14937
988
17260
10673
10820
10712
9589
1332
14934
19954
13012
15246
1208
3725
2493
17633
9974
19875
3064
11624
7477
3705
11834
1241
16379
10037
3226
15425
5330
2271
5321
884
16300
3534
2150
284
14051
17784
17034
14151
113
15444
14046
19493
2347
253
1091
869
19941
17058
1292
14390
15363
7876
17364
14458
1176
6066
3056
8279
9416
16121
9450
9006
5529
9724
10403
3606
6957
13143
18479
14334
10865
7453
12237
5829
15621
6580
6005
7772
2502
6830
10311
5998
19431
19679
7942
16959
12973
1936
14874
13274
11873
5470
4876
16115
17234
1112
16849
7140
8239
11399
6567
12291
19819
12691
5008
11819
15543
11971
10652
7251
15489
444
2153
19491
5485
6533
8578
13852
7927
18630
9167
13756
3632
19215
4870
13883
12279
2700
1055
17245
2398
18105
6468
8044
1015
1578
16970
13724
12420
7333
19524
5780
15654
11058
989
2043
19828
9325
18963
2402
10535
16901
8421
17680
16994
12177
4404
15829
12155
2342
13273
17669
19632
18564
7488
6788
13269
10561
9643
11634
2919
10930
898
3854
6783
15920
4245
8105
5715
11047
1314
17001
13177
17347
13192
6818
12154
10596
7522
8018
7400
8114
10940
1629
3681
6616
8178
8271
3232
6728
6392
12527
978
18897
10051
14171
16201
15580
18476
5443
1758
12964
12799
19753
14502
14250
19692
4505
7088
4461
12560
1306
9514
18429
18170
16495
19918
11289
8342
2343
8403
17602
17078
14941
16754
3722
8712
11644
10910
9677
9150
14311
12675
13774
11271
9027
8017
7857
6891
17804
8410
854
19986
985
15417
8941
18773
1787
14402
17857
4076
5100
10316
4634
5565
5092
4024
971
11555
7065
4644
17887
5472
9262
10155
17912
13978
9448
127
15504
12126
626
13397
15632
8970
1438
3666
13190
11127
8414
14294
18396
6371
15107
16304
19281
16674
9271
18917
5049
17576
9936
6865
16076
2164
4328
17498
4518
19615
2737
4742
3753
1384
12771
4806
6577
1155
11875
931
6772
3383
7568
17470
4914
15663
7658
19042
17921
17056
17590
5801
15151
6237
10850
8563
16955
12454
1172
14863
7213
8070
16601
7871
1442
2990
2883
13598
8559
2119
9069
8441
4169
17092
4297
5342
6692
5461
4867
8346
18473
1175
16306
7860
421
9357
19347
1482
215
4736
11445
12308
4657
9103
5448
10481
15585
8013
11366
2308
407
13436
19718
2107
18176
11833
16296
7174
14901
6873
13286
14977
10370
13078
1019
6659
4809
7529
15273
1884
12585
14654
4014
17412
3908
2359
14261
13697
6192
8377
5714
12958
14409
9559
2768
10196
8899
5671
4338
4674
1099
13664
19372
15734
17674
2980
13136
9143
5888
3503
19813
9057
10120
10274
11135
16309
12946
14902
6896
13026
3996
2390
13540
3660
529
16780
2554
15521
10861
7908
7332
14234
3749
5923
6067
9212
13706
5862
4728
6680
19849
12054
12696
17661
19406
3817
8798
19655
99
15247
51
9952
13195
13831
17040
5114
14944
19722
5074
14774
11409
15200
1486
4911
18169
10749
5640
15308
3687
12861
16565
11622
5379
8623
4236
14932
10372
18379
19125
16693
7016
10060
12653
12914
13712
11969
19758
2958
2327
1171
14739
5221
6817
625
15594
7084
3934
17405
8636
19104
10292
18571
15103
3642
19532
15089
14449
372
19497
3207
12334
18592
13492
15791
13893
14964
19630
2262
4481
15572
15282
4202
2456
3754
6
19668
9259
6337
4661
5248
6586
15558
14384
3855
1793
11654
3587
150
14078
5140
16898
9546
10462
4972
6726
7982
10852
11416
5352
14032
19793
7951
11324
1082
15884
9347
4814
17974
7682
10437
19168
13251
6516
8330
15150
4886
11604
13776
4455
5147
1086
18166
1260
16277
9675
18995
9809
6938
16390
18980
3583
17019
313
5861
3322
13646
5660
15539
4407
10117
15474
12365
5926
18140
16825
9600
8417
14537
17267
14986
951
2651
14273
7684
5554
10988
13688
10200
12129
17894
7147
19167
6452
13313
16806
10031
18044
7673
3791
552
8702
18267
11126
7037
2367
4702
14696
7058
15275
13549
8185
14122
8353
14854
1341
5965
15157
19751
10130
2947
9588
7343
18611
8100
12635
5501
4909
3105
1685
6048
17156
8850
6619
14183
3921
5025
630
16728
8830
8149
16186
19658
9964
16831
8152
18307
12221
12226
202
7588
18682
18774
16775
4971
2149
5489
8047
11137
5979
7356
13986
6296
12824
15092
14398
15864
9414
17431
2169
1278
15644
18042
5893
4077
11715
18587
16155
459
18392
19490
6584
5486
2728
14889
8842
19619
17936
14142
14279
8573
5954
5490
8508
893
18276
578
224
10139
16594
15135
5557
19008
3469
19174
9138
531
18275
5802
16703
10048
15040
19879
18686
3135
15488
14137
19748
3323
17707
6417
15525
9592
1245
2761
11979
16122
5547
982
15582
9341
18002
2219
320
16026
8952
15774
14510
2447
7808
4054
11461
7298
7924
5837
4731
3466
4346
10772
1553
10517
10669
13345
9789
11949
17252
667
19077
11228
9567
3647
11816
27
13917
1429
19239
1995
9561
17684
19211
2626
19482
7163
1834
4587
1303
19755
15720
12801
915
13235
3145
2773
12471
2282
15202
17511
7294
13398
2032
7913
16579
17454
6973
3248
11238
10487
19573
13685
17358
4586
17855
16025
12212
6737
18074
17278
11769
5881
1698
8004
1940
17212
16872
14330
7611
11078
7505
5390
17793
13716
4687
491
11890
18506
18363
19056
4242
11152
13403
4394
7591
11673
5208
305
1682
15400
11009
4379
10639
6187
5415
15387
1456
4035
8955
11210
7696
792
11759
18835
11518
5316
15616
5972
12153
14523
13147
17438
14799
997
3994
9246
17787
5867
10013
19588
11940
13266
18742
17202
6805
14229
17851
8813
17248
9916
10600
410
2686
15320
12524
15026
4883
16905
13537
15301
13795
1125
19432
9784
18695
19294
9397
12863
5712
18889
9313
1843
2419
584
9268
10584
18727
12834
14388
17636
11008
19528
7903
14030
14175
13516
14720
9834
14059
18511
10553
5549
435
11688
254
14120
6521
149
5037
16650
15095
19200
8809
19652
8705
947
10628
13875
1017
3997
5619
7977
18516
2734
9772
2975
6403
19584
14634
11937
15343
11882
5966
1159
18983
237
1877
6647
10040
5939
14313
15055
9618
3446
10906
18245
2834
14451
9975
15127
1463
449
6947
132
16128
164
12199
10135
5924
16073
6322
1377
18532
19513
17437
6542
6086
13165
14988
1414
12191
12055
8452
7373
3321
2535
16146
8325
5806
3370
9501
11557
14873
3551
14342
14577
1542
9941
16248
4324
3183
12622
19003
2192
10916
19283
8673
17031
13292
6178
1233
10874
13789
11568
4194
7899
8221
18437
18964
5027
13555
6655
1504
3217
11590
8129
17847
15360
15998
8245
860
516
8534
5830
1604
15929
19638
18324
128
13299
10900
703
15414
3398
352
11855
5733
13885
18480
11128
2079
330
576
17761
12598
3422
17467
14497
10790
12725
17370
11067
2158
210
7962
19545
1832
18372
9867
7517
5458
7984
5145
4826
13057
16953
9657
10877
11286
14650
18459
19562
9886
14713
9612
3530
16347
18644
8886
14790
3842
11910
18489
10741
7157
19
8771
11869
19476
6946
7324
837
12034
2094
13058
5627
2918
3236
14126
16952
5835
18912
3408
8797
2790
5838
7930
4905
7188
1684
1342
19046
12872
814
16392
8241
8444
1984
16264
7248
16231
3912
1347
9395
12690
2025
18056
16733
15878
2996
18413
18325
10163
6033
10909
8329
11087
11729
15175
5464
16342
11674
15712
9572
14327
11215
19801
10091
13053
1032
11031
6002
4179
5006
15891
7741
2964
5048
1837
6135
2523
9345
15493
6834
4439
12215
7718
13707
5964
6960
11899
12025
16139
8434
12538
9962
16109
1589
3669
17086
4351
11647
14166
15047
10412
1026
7761
8652
15352
13777
8347
13042
10973
16762
5323
12870
14233
13679
6218
6727
10743
14217
2771
4590
4175
16752
16224
11959
14741
5009
18226
11359
2106
19957
5952
964
5812
1811
9467
10142
12344
1093
5141
12842
10966
9288
15925
1946
8231
993
17900
16345
19983
15225
19143
13414
3955
2245
4201
10603
3564
17832
6657
19640
7414
12889
797
6956
8384
6557
37
11426
2071
10832
16691
6299
15776
18937
18558
17163
11129
14296
1683
12936
4221
13746
591
19244
15383
14135
4648
18041
16372
16786
8170
11828
5292
18385
8944
8356
7882
4597
15348
6974
18377
17128
19654
17486
7161
1639
16704
4762
15899
15477
2197
7464
9626
13211
10500
6289
5624
18145
17995
3946
6196
16880
2029
16919
15698
19367
12272
2065
17140
16161
169
15969
18632
18049
13239
18065
10251
11998
18739
9015
9587
17526
18197
16369
13297
18698
17635
16604
11876
4427
4162
18815
6079
10103
12740
13498
1433
9527
11861
7077
10905
18289
19812
4833
10866
957
2751
15506
1301
16934
14147
15090
18352
12271
9503
4177
6534
17573
10752
7180
5257
3579
5268
3361
15347
15601
7580
1930
17559
11904
6964
8493
4186
643
18182
7502
9001
8454
17835
2201
13457
13037
8935
11985
4616
2601
7279
10581
11995
12832
6767
13391
15462
18462
18064
13908
7849
10719
1588
4095
5107
10634
2162
18312
2004
12556
1732
8262
2629
10485
17946
6596
10955
1459
18508
16303
18424
2384
2817
17550
613
269
9409
6325
8739
1584
4717
12731
11854
12499
4375
14252
19515
1232
12406
5753
8601
11866
590
16237
13200
19578
13832
13069
18776
11311
309
16722
15163
14003
8990
13828
18304
936
5113
18471
12765
18039
11737
5212
1331
5526
14593
19666
5633
17679
3877
9086
11218
5859
10455
8448
8968
8815
17263
14016
12387
9279
16444
6286
2722
18967
6702
15262
3250
16389
12396
18744
15193
18101
8551
14958
12685
10192
14701
87
11812
12684
12416
10432
11625
1618
10557
19314
5091
17817
17327
9518
999
12601
8953
19227
11796
2828
13317
14708
7879
8706
11860
2721
9218
5177
10730
6261
15796
12511
14073
18524
19116
4830
2194
17608
15669
16776
15102
809
9863
17035
13647
18594
736
14284
15480
6678
17343
19500
16386
5635
12874
1755
11716
15344
7145
17188
13552
4372
8889
17702
12865
469
816
4237
15526
17434
18948
15753
8201
13941
4849
5406
5229
4636
6128
15944
9068
6686
11235
13319
5280
11954
5417
3848
17495
6312
14004
7757
14746
1677
12882
15495
6803
16320
16968
2340
8109
10125
5702
18858
17476
16637
12376
1958
16808
19642
15438
11292
11583
18076
13662
4357
3281
19451
12624
2903
1550
19080
9553
16652
18655
4331
19824
930
7671
3724
13632
7278
4808
438
12763
4988
15949
3294
2986
271
1412
5508
136
12693
1103
2016
11700
1556
2906
2428
8019
6752
3885
19098
11487
9003
10878
19724
17372
10880
4878
404
1640
5927
16239
4382
3070
10997
5306
11148
19159
2879
11312
11206
16084
3453
17259
80
19007
12626
10065
11810
12007
19740
6329
10079
18317
10962
11085
7167
14275
11571
18465
19672
10827
6543
5164
3796
5205
15906
8801
12758
13426
13863
12500
13512
7606
11917
624
8202
12397
494
16671
8632
1352
7785
2598
16194
16032
13137
2078
12700
13228
19896
6158
13844
19050
7209
13860
16781
2489
18743
7586
9299
4300
19241
8316
4258
1137
2910
7197
1606
18761
8676
5369
11930
10914
4795
2230
16751
6477
5916
11843
5149
16912
11576
3017
10944
14006
702
8088
10936
19153
9117
13083
1154
9768
5028
17209
10597
4120
19057
1224
2568
18321
5162
9719
3897
7832
8582
19247
7558
2229
11801
8861
3184
19092
13007
12868
17983
17017
19093
12359
12902
4385
16487
11695
16688
12443
1660
10572
4991
2696
6287
8795
3356
432
3109
12200
3600
1904
8734
1016
17750
6618
15581
18822
10007
4571
9793
16578
8580
11868
6870
8314
2329
11931
10853
17861
4740
14299
14575
17989
9654
16468
9605
16799
10095
3827
16144
11963
14769
8461
18446
8343
13227
12545
18027
9575
7390
6080
16505
9910
1261
265
15058
1440
19083
14185
3693
12294
9881
13983
4056
12205
7862
13252
6176
1013
15375
4174
8688
7342
11792
11155
11684
7297
10276
15013
15549
18015
6789
3559
19979
13149
18266
5552
7170
10982
7004
12009
13719
4840
5301
16615
6400
16832
15735
15752
914
16654
9997
10802
18872
6535
5197
13953
14076
2336
9008
4435
14172
3849
10336
8671
18996
16113
18825
18279
14392
17422
4153
82
9830
4052
16374
11457
3008
14864
3163
10063
559
4828
9439
8269
7284
14848
1235
543
2267
10543
15975
6161
9242
12892
16126
909
8698
12164
18689
9645
12937
170
14599
6013
3978
4989
4369
3199
715
1576
8593
3524
943
11157
3690
10501
7413
13672
10277
7431
10328
6979
15682
6627
6604
17865
8943
17879
13842
6065
3160
11496
11741
3917
10475
3118
18302
16562
11319
4084
8777
8425
10299
19669
14582
3161
5072
727
3052
18714
5611
11249
380
5883
5908
15531
2311
10414
12920
7944
4848
13185
2351
15908
2496
16680
7670
6929
17191
17518
10293
10540
16630
18880
2474
10590
8112
18962
17758
18457
3746
15119
17615
12108
292
9702
5000
18665
16802
14751
11308
15501
14962
16522
14681
1615
16546
19392
4441
5610
4431
9644
11675
4699
19393
19102
8761
11082
19834
1343
9760
5636
11886
6120
5344
5826
4001
1515
10469
18172
7313
2334
15548
11449
16624
7253
7635
6126
12085
17956
18397
15841
2577
13644
14956
11580
13330
8749
3072
17419
16437
11318
19131
5572
13581
5359
5160
15331
13175
9932
15315
19860
9371
9969
15027
1524
8286
2260
15566
16039
17988
15077
6106
9686
13654
11535
6271
19704
3274
9990
4958
1668
17889
5945
18423
1287
17529
9993
10588
13558
16593
730
9738
19146
3737
8721
6414
3740
7122
3899
7023
13430
2893
5029
13834
19012
18620
2206
15607
2268
12828
10242
8374
4389
10781
5289
6264
3708
17382
19383
14215
4665
15706
16140
6797
10439
16583
10986
13624
13868
15605
1014
475
2974
5313
9519
6282
18640
688
8568
3900
12813
9843
5679
19585
842
1789
6899
13585
1667
18700
9706
19052
11750
4093
11098
11473
1469
15068
7107
11992
4308
3224
19302
8781
7496
3004
4576
19450
6941
4340
5615
2972
7393
11161
17691
17639
19416
9349
14539
9725
10369
10627
15533
4582
19219
13060
3353
5689
6607
14750
3039
4327
18970
13275
7331
17195
4536
4713
6530
12043
9104
16666
8072
5567
19534
12141
11523
9477
12311
7001
17569
11693
14200
12986
15293
7614
16899
1892
19647
11147
6703
7852
8654
6906
7322
17348
11640
15662
19914
18576
7238
1297
17628
10842
19910
10758
1527
11594
8338
12116
16673
3018
10787
7045
10141
5593
9297
781
10744
8911
17270
1049
15784
18664
18795
17139
3768
12112
335
4918
3206
16668
7783
2677
5914
1483
9829
12647
10619
17222
18228
16794
6998
8462
5484
10782
14396
12820
13997
8916
16311
8657
4903
1509
19782
4932
4919
16423
282
13159
2052
6944
2899
6683
12976
9708
863
9185
14484
11446
7846
4454
10373
569
405
6058
9483
1741
3734
11881
18270
16599
1006
2867
5737
16424
18483
686
15989
9516
10005
18731
17042
8879
7492
17368
588
12389
1097
1839
3590
9112
19319
19848
5032
3958
7996
9389
17898
13304
13352
19927
16976
534
11690
514
4180
8895
6496
2555
669
1464
13298
16936
16046
18072
6745
4249
8824
15757
13661
3505
11822
18314
754
8453
16332
1546
17623
14088
3055
13093
11151
1458
14905
10249
3389
1890
19391
351
6302
12292
8268
13618
11372
14375
16375
1098
4894
17386
2438
9531
19596
11662
6512
7086
4777
7246
12568
14195
7459
701
8478
10358
17141
7688
10022
14117
5102
4250
9855
8075
3287
5435
10245
1189
2477
12309
11677
12616
9336
7280
11991
6585
13152
6523
3820
6758
8486
17774
9312
17477
6257
19883
7392
14512
17085
779
15937
208
14012
5587
2067
17999
9457
542
18498
16585
9468
9928
16632
6412
4632
10803
3062
19448
15323
17538
2152
15243
17207
3472
871
17285
4964
1392
16324
14068
13412
8903
15476
6300
6357
10515
18599
15500
10113
8016
1622
9331
13466
10833
16137
12020
6016
3477
9136
927
9447
9045
18756
15063
1237
9927
15980
13668
2159
7095
441
16555
9773
9295
12579
9287
9205
12559
5013
13046
13355
6262
17114
16091
3179
19905
1408
11477
15146
16249
1514
18050
10102
1862
6109
10119
11790
4257
15241
15895
9359
9731
12495
1345
18764
13922
14052
3494
19840
9378
19549
7386
5810
13803
3202
512
14113
14139
10000
377
7195
18135
2979
18662
5955
482
17414
6180
10621
527
1310
10841
15902
7595
12381
9704
14714
8804
9901
17630
19220
15120
7448
16648
8291
13080
15645
6914
19717
2248
18969
7067
13333
16047
9816
9571
6554
7385
5242
16676
7200
9900
15928
14307
7725
5307
6716
18337
2369
14328
15083
7817
15608
2357
14802
4121
6378
13918
177
3789
5841
4898
17322
6841
12542
5705
13670
13568
11572
1720
3416
17673
7056
1497
11264
17838
16366
4874
10154
6381
11279
9270
5599
19320
5357
15199
9154
18863
16020
2635
4421
7641
17626
17229
10021
16967
533
15952
9750
16740
6827
8738
8290
8382
7855
9785
2221
10388
14481
4575
9316
12340
7695
5763
18696
8177
10919
10771
18341
11275
12403
707
18009
10038
2319
9009
11438
6991
18545
13817
14758
9945
1206
11581
15176
9984
4414
18986
11348
16533
19614
1931
12821
12284
5277
5696
14492
5004
4122
17446
13621
2796
15615
12318
7412
13838
15452
4106
17536
15856
8784
6734
6785
7803
12736
3944
16948
11776
3542
11336
16368
7007
16362
19600
18108
18393
14408
11333
302
12748
19779
12573
14477
15231
8725
17948
3638
1525
16242
18242
18089
7309
9453
5852
965
7104
19339
8387
3107
14226
9791
4112
10332
19759
3131
3616
12869
4821
5456
8141
15556
17175
14282
17775
11499
5969
8438
12475
13973
16596
16005
9445
12711
14193
1020
12838
10071
1980
9979
16753
7420
2683
7304
498
704
4748
5706
15039
10516
18374
249
9703
7292
12307
18495
17292
1413
14125
8458
6224
2154
513
16841
19992
3463
18760
2872
14690
19651
4979
8727
672
15767
5002
14359
18102
3175
952
19480
16889
12959
3602
7010
19784
2378
12479
12441
5694
7986
12031
2481
13140
2320
1465
14379
14706
13307
1373
10396
13064
2570
5592
10898
15702
12989
19193
3546
461
3037
10751
5396
7724
15668
15278
10355
12444
4326
9895
11270
6643
19703
2492
2854
7131
846
1970
2058
3857
9352
19900
5674
13326
714
12712
10663
19725
14861
17313
6070
2397
19921
8187
15306
2409
4012
1149
14025
14804
4721
17068
19933
17120
16344
4532
18218
19776
8334
17462
18589
15719
5076
14498
18159
6644
18984
8641
15014
15114
1387
3442
4593
14377
15093
8168
198
9029
2449
5589
4980
153
12535
2885
2685
6405
17967
13763
6027
523
7918
8720
16809
18085
14118
18992
14737
10699
301
3141
16749
15179
9306
16209
18147
6258
8373
10784
17342
11106
18094
398
7874
17389
16174
8002
2745
11196
7336
13634
13940
567
726
6366
6129
17544
13085
12087
15197
10614
278
11443
9329
1134
3048
15716
4065
12659
19551
9798
7441
3502
18925
18865
2816
7240
18678
19440
698
13935
1948
4214
5930
11479
4630
4103
19929
17675
9525
1077
12109
17589
13855
15097
5804
19507
4086
2265
9304
3510
17843
1728
570
16913
3162
953
12
10128
19595
14372
246
5502
5348
7685
2360
13740
5690
3552
7438
4450
2911
6131
6933
10798
7063
329
14045
17455
13244
2669
16166
2303
1731
15945
354
4493
9892
14395
7561
9410
6241
1565
17841
3437
2215
6169
2597
16821
5467
18635
4768
4838
3316
14730
7038
19465
6134
17189
16007
3892
7148
10206
8596
1966
8469
19321
9638
5578
5863
4417
11960
16939
8814
8940
14094
2247
19708
1471
11805
5570
17340
19058
4691
13358
9691
1003
19643
3240
11779
13133
11046
109
16515
6474
19251
4692
6248
4291
18913
7040
13760
17339
11623
1454
6919
3337
14079
15314
14910
5510
13310
11964
9038
15598
4696
17938
3476
12388
9826
11242
1225
12404
12710
14641
17649
8246
9065
7904
15209
13696
4362
19458
18818
4034
18193
14452
15000
12949
17776
16360
17249
17335
7974
7978
17515
12196
15418
7452
10520
10263
15567
2746
9818
9799
6449
15483
17897
908
339
7651
9678
7111
11574
9405
18636
15623
12561
10321
11162
10595
2088
5024
11683
10513
11453
3255
10495
1922
6769
5971
3651
3610
15602
11768
9921
5704
6574
19535
2968
3933
14235
5530
549
18525
14846
9498
3485
19429
3231
10409
16413
4744
14740
10306
7592
7680
6507
5317
16757
77
3837
3034
1152
12934
8077
1001
18639
8095
5207
6236
15812
6311
8312
6780
7545
19403
7376
594
19066
19386
3019
15420
5117
7992
10943
3204
2616
7827
17862
14844
7243
9976
4854
9866
15515
16894
13880
10407
7370
6579
13589
18673
7053
16419
12896
14026
19682
9044
18187
6506
4799
18130
5605
11761
7032
4892
4943
1972
9763
5819
1475
19623
2770
13416
14646
9966
16295
8313
19683
5531
1217
1492
12548
607
3676
1813
12144
5765
16305
6901
5034
1794
11227
11512
8275
7428
13904
11871
7950
3358
2498
6532
4718
9777
17029
6819
17665
7339
16951
7124
3501
19423
13608
16586
2862
7902
4447
14182
13063
4539
17926
16493
15535
368
2405
1056
6710
11825
18496
3732
8585
5195
15131
13912
18469
2183
8492
3465
13481
18010
1145
1688
1027
13895
5638
12244
4200
1873
16197
5989
1927
10312
7973
2417
19969
7049
10846
8919
8835
6004
5262
15620
1771
17450
12679
14466
17794
8796
16573
4706
19579
16986
7208
3332
10620
18798
10012
5312
12940
14324
4659
8710
14749
6637
3252
19194
6858
19505
19970
4956
17575
11990
7729
14505
16897
19238
18982
11402
10995
3682
15426
2257
19087
11839
10471
362
11775
19519
13077
1182
19884
2326
5168
4038
1751
14424
11506
11274
19424
10870
11739
2325
8157
6608
7137
18493
12963
4611
2889
16012
16530
11330
7128
8255
10105
7787
9566
9544
10010
4732
4662
17093
6578
13074
14970
1583
5109
12819
13775
10697
13813
3594
14734
12467
15590
9284
2957
11961
6540
13452
4578
10791
526
8394
8890
5658
15846
13861
16639
6872
3132
10609
7484
17672
1804
1863
8281
3122
17713
10338
1803
677
6448
16470
2283
14748
7026
17932
239
12526
1496
8228
8102
2818
17122
13021
6194
11197
11325
12417
4376
3298
15141
9524
5412
19437
16157
16856
14784
4673
3719
8790
14721
3178
505
16251
15490
19526
10264
17478
10261
4993
2806
17778
1967
11919
19908
17612
11872
17363
12509
11225
9475
10097
8963
12275
19791
280
4723
5959
6451
17973
3769
453
14170
1376
650
5884
15665
14877
6694
6592
15353
4649
14062
12476
18008
12110
1153
4880
6303
12332
1042
12965
16649
504
10736
16682
15307
16857
15268
598
11000
8989
9690
8519
1267
8369
19850
13260
2264
12016
8665
6028
14907
9944
19195
15042
12259
12448
9283
9344
17134
13099
13265
9245
18229
515
16156
11331
9390
5053
963
18500
7112
1220
11564
19626
9521
1808
4403
7698
5915
1170
3471
5234
942
17365
18161
14468
11253
16373
1986
15790
14176
6043
17806
3266
4937
5286
11250
17537
4490
14589
1359
6122
17103
6450
19155
15451
1699
1079
12324
17771
16434
3868
13729
3181
9629
7830
4832
9005
7812
12300
3061
11900
2861
14600
9043
13640
15393
17242
1480
9372
13810
17531
3262
10344
12156
8995
10571
5601
14770
18591
1806
25
10110
5151
8091
19183
6127
8219
16165
15130
6921
2224
3071
11394
765
13446
19128
10713
19531
19731
7582
11841
10643
11417
4497
15987
14404
11150
7450
7699
8983
18551
7518
13172
11835
6332
6568
19483
2368
8693
16063
6743
9853
5993
1830
15544
9216
3396
2251
10642
1899
5279
18523
332
6362
10201
919
9070
3506
4050
16110
4193
5167
6293
8367
8633
19747
15726
13479
18900
18733
9393
4714
13517
13743
4134
18519
16521
12928
8672
19414
18949
12119
6717
13927
3103
8869
11760
18784
1095
3114
13731
3174
16768
9182
19479
1022
19157
11398
111
12772
17489
18510
5377
19301
7254
1601
6685
8073
12228
11464
10044
954
160
2948
7816
10518
16170
11010
7192
17718
19284
14952
14346
3562
14132
13649
3808
19856
18310
10188
2704
14711
13474
19996
3959
9028
18898
11022
19021
5897
10932
9156
2472
16451
14656
14875
5392
18950
10591
8741
18751
12575
7142
7177
13108
2767
14567
11190
1336
14293
18943
18828
18360
12955
9179
18839
9303
4164
11030
6288
15676
3027
1419
12018
5683
4391
2007
12735
10227
18217
14386
16945
537
11439
11216
495
10527
1270
7873
11353
14764
11864
9913
7667
4147
2249
19939
5968
16061
1166
16062
12489
8849
440
15717
7804
9802
11999
15956
17829
15104
3425
4283
11895
12329
968
9732
7378
7856
16361
1259
13560
19749
14285
12032
9419
5171
13270
7590
19931
14984
1277
18750
18851
7371
6719
12950
13595
16265
4583
8872
1427
5850
3046
13689
3988
18222
13950
8981
13854
11804
19078
7643
706
15333
19540
16709
12919
19242
9981
1643
16315
12612
19663
2641
16258
11815
5550
14939
15862
8264
17643
4503
637
6670
219
367
6365
11483
5058
18938
7594
7850
18719
11603
1115
17790
3990
7126
13125
1258
955
5617
5569
2579
3023
1333
12180
8977
5980
18606
19700
16411
14218
7669
5935
747
8898
19586
12412
9817
8368
9623
3672
6690
2944
19832
11989
1889
4676
1746
17561
13034
776
11115
19010
2036
19508
13748
17998
13734
684
3403
2905
12719
17596
15140
5247
3721
18928
19498
12274
15909
7877
17594
18258
10058
10053
9052
14578
17822
16923
13090
8265
1727
10807
9740
689
14184
13047
83
17567
4508
13563
2468
9821
3615
6099
5707
18219
6945
3212
1061
14315
17638
7843
6593
4741
15292
3701
16625
17199
8707
1526
6766
2618
12316
17290
5388
17459
17650
10395
3706
7955
214
1701
5334
7981
16537
16647
2926
8321
3588
11970
7191
15196
1005
7932
13383
11403
8894
917
18901
2617
4562
695
279
1357
1396
17505
2429
2210
6132
17196
7712
14535
11
831
7622
4566
13068
15685
10876
1854
15518
18543
17514
19591
17971
1533
8562
1415
6168
6022
10043
5516
5528
8701
10779
8128
8106
1298
15376
16536
19988
2135
6124
6336
8140
664
18549
5631
17660
12562
18708
10250
13967
17985
5093
10511
14891
8723
14277
8210
16885
8512
16870
5946
7226
13028
344
15571
16279
19006
11680
7314
19308
4370
7990
4820
11639
7689
4196
16501
2277
16117
2769
4445
11736
18706
7399
478
2924
17378
14467
11373
3999
11508
2074
11751
11905
6318
1169
6486
5963
12505
586
1571
2833
10980
6983
17745
12462
9461
19696
16153
18648
118
14763
1180
10098
5331
10027
14211
1849
19295
6587
8954
16287
786
14572
18924
13204
7101
14613
17345
2259
18722
5892
8888
15012
11549
1488
4316
15813
12075
9183
12184
10189
16834
18550
298
18633
13351
6762
922
10256
12439
2400
11051
16464
12315
19037
2370
9856
6183
18685
4006
8302
4276
1909
11764
7461
8307
4759
18694
2729
9734
882
18281
15896
894
13721
15921
1541
564
14163
5290
16406
7972
9294
18873
7948
11025
16297
7769
11787
4529
5585
907
2599
12694
2620
3853
8659
4266
10308
18362
12383
7537
5657
4941
2261
17161
8422
14134
18154
4948
10826
11340
11531
8662
17749
7514
17299
4592
4199
11039
19108
18297
11933
19254
11054
18748
12807
6808
17965
7216
2208
3372
7455
16207
5305
17830
16543
15181
12895
15154
2176
5548
13932
11343
5770
9718
13488
9782
13484
17366
796
7737
12363
3618
7048
9532
2324
1018
12501
14482
16933
3404
7272
5716
3433
670
8556
18071
12563
12528
3170
8340
2042
14201
15369
7264
2656
12424
12550
8836
17051
7717
11806
13705
7753
10244
13757
11418
13095
18791
16965
3165
10838
12158
4319
8837
17929
2937
8079
19732
17356
15689
16987
4412
14551
397
8337
16742
14043
19670
18799
11660
3335
17164
4019
2561
11073
8274
7998
10441
3343
5411
79
3324
13071
14555
5645
13039
1796
17722
10934
3247
8920
10295
15062
18788
13350
15057
10329
18274
13765
3628
11296
9999
4950
17039
15252
9766
2491
4907
11470
11809
16261
5818
14414
6230
3065
3444
17738
10570
6164
13887
6971
17062
10701
15912
15204
4119
3067
5722
14255
15770
11385
275
17404
19567
3810
8477
7928
17885
11256
18754
14645
1243
1788
4072
2182
2434
14070
14552
8288
8053
16712
11062
14797
17309
16816
7620
8358
8880
7679
5419
14391
19245
13214
19997
4323
2949
4715
13023
10814
13087
16453
18597
2869
14840
12891
17895
10815
2046
6064
10568
8655
13379
18022
338
6677
8371
5488
14011
13799
12850
15416
18455
2116
1025
4302
10894
4853
6087
9985
7266
1325
14772
15818
657
16192
722
13432
19317
18540
2293
15445
3982
16683
1050
10254
7044
8628
17402
3144
15981
16938
19331
9977
17099
17374
8651
8186
7115
11017
19646
4211
16212
5044
5591
2874
13846
10702
19737
17168
16810
10653
15951
6233
8259
14501
2755
18114
12608
5023
11255
8048
463
634
5629
987
13072
1650
16750
11124
16512
3104
10100
16052
7205
8289
4239
3195
818
6247
2173
14644
3198
1457
11740
17543
15392
16427
3525
8127
2970
9178
7143
14703
13630
14495
15032
12227
10364
17316
17809
2602
9700
4218
7810
2528
642
5482
5166
3462
19601
3620
386
8823
19892
18345
8853
17479
24
14191
5851
17733
11377
19160
19962
4573
19349
12815
11795
12277
1673
4290
6566
6682
5474
14618
18575
7141
1364
15161
12491
10887
7094
1041
3522
2237
2211
8054
12943
11339
10808
10207
7530
16028
2914
4770
12465
11896
13465
9950
812
4401
15821
777
18450
17603
19989
18333
10941
13314
1705
2234
6410
18702
10670
16357
735
6401
7898
17943
7206
10641
16588
12188
4538
12178
19543
3667
268
10881
1151
15911
14434
18588
5944
14700
5228
12089
532
11922
10381
13635
5839
9848
17659
16962
7434
8962
1838
651
3980
2547
15167
19583
11305
10601
10428
17924
3031
18749
16285
14361
1964
13004
18946
19936
41
14168
3300
1841
11600
9919
16911
18556
10397
10360
13890
10684
14565
4769
14511
8173
1880
8232
2100
8626
7633
10067
4869
9232
3168
8792
12883
16721
19232
18741
6555
7921
11230
19310
9049
12893
18445
1234
17022
9446
2310
9983
16767
11965
10184
2446
4043
4380
14488
14203
17295
1689
16891
7954
1988
10734
2441
2497
8331
7021
3292
15020
18625
7565
15458
8947
12066
19976
3686
9376
17116
17036
16490
7132
5941
6359
7853
8451
4055
9126
16094
4247
5682
14115
1709
3136
4780
2688
4978
9412
18082
19033
17008
5336
7164
11966
16196
12092
16398
4334
7411
2659
17394
19428
3315
17913
16665
3041
16272
5873
18239
7403
1393
8733
3870
13207
3025
14339
6238
11522
6445
582
9315
13676
13022
18766
4060
13534
7168
15988
3907
15399
15926
8315
4545
17677
12604
19887
19514
19361
15766
11976
12472
1878
1656
17325
1874
6292
5362
2687
17118
2830
19198
12347
4158
11542
18538
3349
2758
18263
2315
11208
4275
12993
8875
2984
3124
553
13033
173
6652
19790
15437
13979
17375
3208
4213
7249
3743
1023
8718
13627
1213
19318
16125
13727
17257
14058
84
14187
4963
16077
19909
716
11974
14196
13054
1388
16222
8637
8120
4460
6145
2218
6989
2115
1555
8215
14803
15709
3254
10660
10679
17845
11392
11579
10440
1434
4643
17873
8491
5917
14545
15413
6102
14298
13911
2133
19107
15625
186
14894
9375
6904
12698
6843
15887
17782
14694
1239
16068
13198
17694
16628
687
19287
16067
19972
14594
2929
3461
14872
15178
2901
12102
11752
3038
17955
17067
19911
18167
17976
13905
5596
15731
12091
8504
19915
14726
4108
3626
16814
4652
7933
16135
16151
5112
3790
10223
19538
19861
8931
2835
15659
6211
117
2455
4666
15999
5577
6646
19727
7585
15256
18837
2223
3966
10507
15923
16734
7033
19559
4556
18567
12533
16183
5614
14548
1118
13290
1146
9018
18663
4398
12258
15536
10305
16346
19063
5808
18285
3887
2213
16518
88
8852
2829
1821
14960
4206
14743
11386
19965
4288
13300
5491
18997
15901
12165
10555
8447
2632
13955
6688
4336
3508
12689
16852
4564
5095
11381
19501
12637
13680
11599
15180
1269
19961
10393
4144
14462
11048
10999
13845
11027
17654
10055
19978
12400
1994
4011
9440
17026
18710
17984
2714
5582
15248
3557
17417
8166
17330
4901
13462
9940
16644
7617
1320
6835
2165
13773
1805
8690
2503
2102
14870
3658
19072
10797
142
1039
5755
7250
9882
17041
14160
9337
4468
601
8354
6056
5981
15832
8581
4614
18006
9695
3558
465
9841
17443
7427
17765
9513
9653
15737
4908
5427
13714
9200
2738
2181
263
12405
5463
13538
19767
9747
1389
2118
4163
3457
6437
6055
7596
8158
18356
6104
18717
15194
8769
15806
1664
4515
6195
7349
6759
16990
9894
6697
137
9454
4760
1274
402
4995
3548
6614
14830
9420
11494
2586
12213
9227
8744
11863
19789
749
4227
852
17741
3512
15618
647
2684
9683
7419
13750
16348
10959
2622
18504
3479
2955
4310
11278
14054
4089
18282
18155
1194
6376
12806
5413
17423
11024
8743
8510
9507
17572
5541
11606
19797
11415
16556
1195
14607
7901
318
10912
1244
12360
5950
19291
9805
4890
281
5949
828
14418
4916
18447
8213
19719
12061
4225
12168
9555
17647
12620
19922
3656
1106
4368
2820
2130
2278
2134
8049
6278
13381
13066
16819
1139
17805
8318
14716
7520
7731
6198
16246
12052
13807
17991
18657
11554
6355
2253
6795
9115
13418
16484
12583
4063
17876
3080
18796
5527
18531
10350
17145
14909
6228
4861
5757
12004
2691
3786
4322
11189
7776
12044
3347
6147
7447
3047
1068
5834
12176
2443
18781
14620
5178
16510
2125
13605
16611
9213
13134
8328
4514
6253
9253
4681
9155
8033
19446
5349
2603
487
2640
3311
1826
17121
12028
10443
6026
12979
16230
11056
15397
10294
18099
6088
17562
2567
7242
5845
17279
12724
9637
7444
13419
8151
1924
11429
18947
4339
12236
14262
1592
6572
272
3384
1197
11811
2705
17901
16119
17815
1094
1513
10190
3984
9129
323
15966
14924
17676
19853
7062
3246
2860
5719
15565
12433
4061
4484
14381
19043
19827
5391
15310
5059
7203
9591
3891
5159
3883
15461
11636
18512
9635
3029
5416
6266
3073
1401
4313
3419
4079
7780
7149
2440
19352
2371
3573
9722
12256
19216
14306
6409
12929
11996
7223
462
146
14047
12669
6632
13509
16916
8640
1305
12702
6961
9807
5016
10954
9579
12574
5146
19127
6419
18609
12426
14674
1012
8605
9847
4151
17032
11472
5105
13929
8517
12803
17426
11981
1603
992
17693
12370
10259
17218
19045
13933
12924
5536
18213
10136
5346
4615
216
13250
12445
11118
379
11065
1938
4726
5800
10867
15082
8933
18109
605
17301
8564
15562
595
5551
2157
4642
11488
12898
16200
15857
408
15547
3684
7071
19991
11063
12667
2848
17522
1083
3158
10198
10976
2936
18923
6889
16989
10992
17746
572
2653
19698
18431
6269
392
737
17117
6738
13497
15295
6867
19299
6953
3614
14833
3668
7050
7613
8892
15385
11586
4279
1767
17333
12756
14625
6476
2832
14363
9114
18730
1822
11997
19407
2743
10604
1587
13723
10950
6270
13179
8862
14310
19605
13762
17464
10002
7019
2985
11584
511
12776
6061
411
15880
6256
9888
18367
291
3280
8287
14871
184
10241
15511
8778
14796
8284
7396
16458
9661
12609
18412
13113
2445
11233
15459
7233
10253
3947
12945
2017
13888
11393
13424
4962
2436
4359
629
2756
1910
3307
17395
8789
5119
19677
10794
19032
19845
728
5372
8786
3924
7487
7713
1344
18604
4844
12531
790
13770
4750
9089
16998
6502
12649
11093
4267
18602
11870
17581
1864
18361
11231
10523
19855
4062
14415
5603
17737
2124
19520
2129
19558
11771
6556
4621
4438
10094
8386
13916
8973
13506
2330
1353
10825
2571
7241
17629
14309
18079
1378
4831
6001
16679
14697
2802
9147
9434
11722
3873
8982
6855
11075
12313
10859
1738
18190
1956
6993
540
15811
19750
15388
3683
1065
507
13218
8431
1411
3030
8496
11884
11091
16627
6085
14786
2113
17350
3373
18505
13897
9238
16569
10185
9904
15532
10394
6071
10847
14888
12755
2698
972
15955
19857
12094
4647
4443
19835
793
13999
10410
836
1451
7446
18671
3555
615
9188
17601
13336
6857
2020
11717
16340
7820
6003
19833
11240
19452
3569
13166
16439
4569
15699
977
13975
7859
8533
14754
12591
19173
54
644
18802
15743
375
11923
17692
18442
2193
11694
18477
16636
4846
16633
4306
19627
551
13565
10818
11101
5206
222
1264
11714
11160
8436
15694
1859
7883
5929
3483
4259
13567
11563
11842
16557
11608
12488
14805
18234
4707
2077
448
4392
7303
14621
897
1574
14858
5045
11520
481
17052
3831
5082
6526
3218
1652
19009
12447
10651
1500
5188
10313
1071
5387
19768
16227
11410
19180
17064
2992
16706
10773
8261
6965
7967
13962
3861
9808
18188
15746
18856
7649
11020
1111
967
7357
19804
1354
11631
6010
19332
2388
7022
19053
18100
2525
11858
7576
2172
1193
14210
19504
2186
7268
14719
19449
18376
9073
3795
14648
14886
4127
2581
13573
395
11598
10770
5432
6816
19062
1422
17727
17662
12175
16823
6666
8445
2542
18410
10804
3550
6909
10990
5086
13148
2624
6882
7269
12517
3380
10677
7193
14428
2080
9739
8650
13359
16080
12459
